0.031070 31
0.077256 16
0.000030 16
0.000060 16
0.000027 16
0.000037 16
0.000081 16
0.000040 16
0.000029 16
0.000029 16
0.000393 16
0.000029 16
0.000037 16
0.000045 16
0.000026 16
0.000033 16
0.000026 16
0.000050 16
0.000029 16
0.000034 16
0.000029 16
0.000043 16
0.000029 16
0.000030 16
0.000031 16
0.000043 16
0.000027 16
0.000033 16
0.000025 16
0.000043 16
0.000036 16
0.000030 16
0.000039 16
0.000031 16
0.000033 16
0.000039 16
0.000026 16
0.000032 16
0.000026 16
0.000031 16
0.000044 16
0.000027 16
0.000031 16
0.000014 2
0.000065 16
0.000025 16
0.000032 16
0.000045 16
0.000025 16
0.000034 16
0.000026 16
0.000031 16
0.000039 16
0.000040 16
0.000042 16
0.000034 16
0.000047 16
0.000028 16
0.000029 16
0.000040 16
0.000029 16
0.000033 16
0.000031 16
0.000042 16
0.000029 16
0.000028 16
0.000035 16
0.000028 16
0.000043 16
0.000030 16
0.000027 16
0.000036 16
0.000029 16
0.000048 16
0.000027 16
0.000004 2
0.000060 16
0.000045 16
0.000029 16
0.000031 16
0.000032 16
0.000048 16
0.000029 16
0.000029 16
0.000031 16
0.000027 16
0.000051 16
0.000026 16
0.000033 16
0.000034 16
0.000042 16
0.000026 16
0.000033 16
0.000025 16
0.000037 16
0.000033 16
0.000227 112
0.000021 16
0.000044 16
0.000024 16
0.000038 16
0.000041 16
0.000031 16
0.000029 16
0.000031 16
0.000034 16
0.000039 16
0.000027 16
0.000032 16
0.000030 16
0.000041 16
0.000028 16
0.000004 2
0.000051 16
0.000027 16
0.000029 16
0.000045 16
0.000025 16
0.000004 2
0.000047 16
0.000031 16
0.000043 16
0.000027 16
0.000122 50
0.000015 16
0.000027 16
0.000036 16
0.000041 16
0.000027 16
0.000032 16
0.000033 16
0.000040 16
0.000026 16
0.000031 16
0.000033 16
0.000036 16
0.000026 16
0.000035 16
0.000037 16
0.000025 16
0.000043 16
0.000031 16
0.000025 16
0.000033 16
0.000041 16
0.000028 16
0.000081 16
0.000025 16
0.000042 16
0.000042 16
0.000032 16
0.000040 16
0.000040 16
0.000042 16
0.000042 16
0.000042 16
0.000029 16
0.000038 16
0.000028 16
0.000042 16
0.000025 16
0.000043 16
0.000027 16
0.000032 16
0.000042 16
0.000027 16
0.000032 16
0.000027 16
0.000035 16
0.000040 18
0.000055 16
0.000026 16
0.000271 16
0.000033 16
0.000031 16
0.000053 16
0.000040 16
0.000028 16
0.000034 16
0.000043 16
0.000026 16
0.000035 16
0.000027 16
0.000056 16
0.000024 16
0.000021 16
0.000022 16
0.000036 16
0.000052 16
0.000024 16
0.000020 16
0.000051 16
0.000025 16
0.000040 16
0.000050 16
0.000029 16
0.000026 16
0.000059 16
0.000025 16
0.000020 16
0.000035 16
0.000033 16
0.000033 16
0.000045 16
0.000022 16
0.000035 16
0.000038 16
0.000024 16
0.000018 16
0.000045 16
0.000023 16
0.000034 16
0.000026 16
0.000029 16
0.000042 16
0.000021 16
0.000043 16
0.000028 18
0.000073 16
0.000017 16
0.000045 16
0.000024 16
0.000035 16
0.000026 16
0.000047 16
0.000022 16
0.000036 16
0.000025 16
0.000031 16
0.000047 16
0.000023 16
0.000028 16
0.000033 16
0.000027 16
0.000051 16
0.000061 16
0.000028 16
0.000022 16
0.000059 16
0.000018 16
0.000038 16
0.000021 16
0.000056 16
0.000020 16
0.000039 16
0.000020 16
0.000037 16
0.000232 80
0.000038 16
0.000031 16
0.002670 1156
0.000043 16
0.000014 16
0.000052 16
0.000034 16
0.000050 16
0.000036 16
0.000036 16
0.000035 16
0.000060 16
0.000037 16
0.000039 16
0.000041 16
0.000158 16
0.000064 16
0.000038 16
0.000030 16
0.000240 16
0.000026 16
0.000029 16
0.000050 16
0.000026 16
0.000027 16
0.000031 16
0.000048 16
0.000024 16
0.000027 16
0.000031 16
0.000046 16
0.000024 16
0.000027 16
0.000031 16
0.000044 16
0.000024 16
0.000030 16
0.000029 16
0.000046 16
0.000056 15
0.000065 15
0.000028 2
0.000090 16
0.000043 16
0.000074 16
0.000045 16
0.000045 16
0.000042 16
0.000045 16
0.000079 16
0.000052 16
0.000045 16
0.000046 16
0.000070 16
0.000047 16
0.000049 16
0.000078 16
0.000043 16
0.000043 16
0.000045 16
0.000065 16
0.000042 16
0.000044 16
0.000069 16
0.000046 16
0.000065 16
0.000047 16
0.000044 16
0.000072 16
0.000095 16
0.000039 16
0.000086 16
0.000047 16
0.000042 16
0.000049 16
0.000043 16
0.000044 16
0.000083 16
0.000041 16
0.000044 16
0.000043 16
0.000087 16
0.000042 16
0.000043 16
0.000044 16
0.000044 15
0.000089 15
0.000042 15
0.000033 2
0.000090 16
0.000083 16
0.000042 16
0.000044 16
0.000044 16
0.000234 80
0.000071 16
0.000045 16
0.000044 16
0.000044 16
0.000077 16
0.000033 16
0.000034 16
0.000037 16
0.000035 16
0.000047 16
0.000026 16
0.000033 16
0.000026 16
0.000051 16
0.000022 16
0.000035 16
0.000028 16
0.000047 16
0.000022 16
0.000032 16
0.000029 16
0.000029 16
0.000049 16
0.000022 16
0.000029 16
0.000030 16
0.000054 16
0.000022 16
0.000031 16
0.000030 16
0.000029 15
0.000046 15
0.000022 15
0.000037 15
0.000021 2
0.000049 16
0.000044 16
0.000023 16
0.000033 16
0.000030 16
0.000029 16
0.000039 16
0.000025 16
0.000032 16
0.000034 16
0.000043 16
0.000022 16
0.000033 16
0.000045 16
0.000072 16
0.000022 16
0.000033 16
0.000031 16
0.000042 16
0.000030 16
0.000046 16
0.000023 16
0.000050 16
0.000023 16
0.000033 16
0.000028 16
0.000045 16
0.000024 16
0.000034 16
0.000026 16
0.000036 16
0.000035 16
0.000040 16
0.000041 16
0.000035 16
0.000040 16
0.000032 16
0.000046 15
0.000030 15
0.000318 144
0.000043 16
0.000165 64
0.000031 16
0.000030 16
0.000031 16
0.000030 16
0.000215 16
0.000025 16
0.000025 16
0.000052 16
0.000023 16
0.000029 16
0.000031 16
0.000046 16
0.000025 16
0.000027 16
0.000031 16
0.000046 16
0.000024 16
0.000028 16
0.000031 16
0.000052 16
0.000025 16
0.000028 16
0.000037 17
0.005053 59
0.001604 159
0.000019 38
6.488430 1
1.031422 1
0.138833 1
0.117506 1
0.135103 1
1.072523 1
0.424377 2
0.000579 30
0.000513 59
0.001739 161
0.000065 38
0.548420 1
0.775744 4
0.144564 168
0.000026 38
0.168191 1
0.119116 1
0.096057 1
0.320978 2
0.006731 179
0.000012 90
0.000013 108
0.000104 601
0.000304 59
0.001560 159
0.000053 39
0.143436 1
1.185747 1
0.006496 1
0.215045 1
0.408955 2
0.000473 46
0.000793 59
0.003817 159
0.000070 39
0.401914 205
0.287354 1
0.641033 4
0.175176 6
